"colon" <-
structure(list(hc = c(5634, 5634, 5634, 10767, 10767, 15843, 
15843, 19655, 19655, 19655, 19655, 19655, 25109, 25109, 34713, 
34713, 34713, 34713, 34975, 34975, 34975, 34975, 35290, 41330, 
41330, 43886, 47373, 47373, 47373, 49110, 53187, 53187, 54964, 
57524, 57524, 57524, 58244, 58244, 58344, 59712, 59720, 62263, 
62263, 64982, 64982, 74381, 74425, 74425, 76442, 76442, 78472, 
81425, 83972, 87669, 90702, 90702, 95147, 96552, 96552, 98640, 
98640, 98640, 99037, 99037, 99037, 99037, 100602, 103847, 103847, 
106594, 107620, 107620, 107620, 110086, 111997, 126772, 126772, 
126772, 126772, 126772, 126772, 126772, 130655, 130655, 132718, 
132718, 132718, 135631, 135631, 135631, 140920, 140920, 142000, 
144114, 146428, 146445, 149161, 149161, 150107, 150107, 154976, 
154976, 154976, 155078, 155078, 155078, 155078, 155078, 156229, 
156229, 156229, 158586, 158586, 160882, 167399, 189126, 191988, 
192981, 193351, 193351, 194299, 196638, 196743, 197529, 197529, 
197691, 197691, 198070, 199137, 199952, 199952, 202864, 203319, 
204620, 204620, 204620, 206187, 206429, 206861, 208902, 213073, 
213073, 213073, 216303, 226527, 226527, 226527, 226527, 226527, 
233824, 233824, 249156, 255308, 258680, 258680, 266266, 266266, 
266968, 266968, 270041, 271060, 271060, 271060, 273555, 273555, 
275974, 275974, 290545, 292815, 294181, 294181, 294181, 300736, 
304027, 304027, 304027, 304027, 310312, 310312, 311038, 312656, 
320335, 320335, 320335, 320335, 321302, 321302, 321302, 321790, 
321880, 321880, 328103, 335372, 335372, 335372, 336163, 336163, 
339866, 340119, 341196, 343136, 347568, 347568, 348075, 348075, 
351321, 353191, 357763, 361336, 365957, 365957, 365957, 365957, 
365957, 365957, 365957, 365957, 365957, 365957, 366746, 366746, 
366746, 368994, 375193, 375193, 375725, 375725, 391816, 391816, 
392059, 393977, 396941, 396941, 396941, 396941, 396941, 398430, 
406480, 407049, 407049, 414203, 414203, 414393, 424064, 424064, 
425652, 425652, 425652, 427939, 428439, 428439, 428439, 428439, 
428439, 430096, 430096, 436821, 436821, 436821, 436821, 439320, 
439320, 443087, 443087, 443087, 443087, 443087, 443163, 443163, 
443163, 443163, 443163, 444573, 450272, 450272, 450272, 450272, 
458534, 459170, 462518, 462518, 462518, 462518, 464759, 464759, 
467479, 467479, 467602, 467602, 471629, 473215, 473215, 479047, 
479047, 479047, 479047, 479047, 481980, 481980, 484605, 484605, 
484605, 499745, 499745, 501143, 503539, 503593, 503593, 503593, 
509649, 509649, 509649, 512477, 513109, 513109, 513109, 519246, 
520723, 520920, 531842, 531842, 531842, 533630, 535819, 535890, 
540557, 541878, 546657, 550061, 550689, 550689, 555611, 561341, 
561341, 561341, 569622, 569622, 569622, 576891, 583551, 585209, 
585209, 585209, 585209, 585209, 586139, 586330, 586330, 591386, 
591386, 591386, 592273, 598191, 599884, 599884, 601683, 601905, 
602881, 602881, 602881, 602881, 602881, 602881, 605919, 605919, 
606820, 606820, 607183, 607183, 607183, 607183, 611219, 611219, 
611219, 612017, 612319, 612372, 612372, 612372, 616330, 616330, 
616330, 619151, 619151, 619151, 619151, 622592, 623472, 623472, 
624185, 624653, 628678, 629458, 629458, 630438, 630438, 633467, 
636943, 636943, 636943, 636943, 636943, 636943, 636943, 639573, 
639573, 639573, 644141, 644141, 646562, 646728, 647982, 647982, 
649197, 650052, 650052, 650259, 650259, 650259, 650259, 650259, 
650259, 650259, 655283, 655421, 658539, 658539, 658539, 658539, 
660306, 668535, 668535, 668535, 668535, 668535, 668902, 669278, 
672380, 675527, 675794, 675794, 675794, 675794, 685648, 685648, 
685648, 697734, 697734, 697734, 702641, 705142, 707083, 707083, 
710918, 712110, 712110, 720802, 722948, 722948, 722948, 722948, 
722948, 722948, 726512, 726512, 728665, 730372, 734796, 734796, 
734796, 734796, 734796, 736412, 738954, 740478, 740478, 740478, 
749531, 750592, 750592, 751642, 755172, 761394, 761394, 761394, 
762284, 762284, 768291, 768291, 768291, 773480, 773480, 773480, 
773480, 775156, 777878, 778194, 778194, 778549, 778549, 778549, 
778573, 780612, 782814, 782814, 783414, 783414, 784317, 784317, 
785197, 785197, 785565, 785565, 785565, 786771, 787440, 787440, 
788780, 789165, 789567, 790701, 793657, 795131, 795131, 795440, 
795440, 795732, 796448, 796508, 796647, 797269, 798239, 798239, 
798239, 798239, 798239, 798239, 798239, 798239, 798239, 798239, 
798239, 798762, 798762, 798762, 798922, 799029, 799029, 801160, 
801470, 801470, 801470, 801470, 801470, 801470, 801470, 801470, 
801470, 801470, 801470, 801470, 801470, 801470, 801470, 801470, 
801470, 805080, 805080, 805280, 805280, 805280, 805280, 806665, 
806665, 808019, 808019, 808019, 809247, 810179, 810179, 810179, 
810179, 810179, 810985, 811126, 811126, 811126, 811662, 811662, 
812876, 814278, 814390, 814783, 815351, 815351, 815960, 816030, 
816030, 816663, 816947, 816947, 817462, 818778, 819136, 819956, 
819956, 820925, 821035, 821035, 821035, 821035, 821035, 821035, 
821126, 822331, 822331, 823676, 823676, 823676, 823676, 824020, 
824020, 824020, 824397, 824683, 824683, 824683, 824683, 824683, 
825068, 825068, 825890, 826843, 826843, 827331, 829216, 829216, 
829216, 829216, 830161, 830161, 830308, 830642, 831301, 833286, 
833396, 833396, 835897, 835897, 836788, 836788, 836788, 836788, 
836788, 836788, 836788, 836788, 836788, 837092, 837092, 837092, 
837092, 837092, 837092, 837092, 838048, 838541, 838541, 838936, 
838936, 838936, 839458, 839458, 839638, 840284, 840284, 841918, 
841918, 841918, 841918, 841958, 842871, 842871, 842871, 842871, 
842871, 843692, 844127, 845959, 847961, 847961, 847964, 848373, 
848392, 848392, 848577, 848577, 849096, 849096, 849096, 849096, 
849096, 849096, 849585, 849695, 851283, 851283, 851283, 851918, 
853152, 853873, 854233, 854965, 856879, 856907, 857452, 857452, 
857452, 857452, 858447, 858447, 858447, 858447, 858447, 860486, 
860486, 861320, 861320, 861320, 861320, 861320, 861320, 861320, 
861320, 861320, 861320, 861320, 861320, 861320, 861320, 861320, 
861320, 861320, 861320, 861320, 861320, 861320, 861320, 861320, 
861811, 861811, 861811, 861811, 863365, 864208, 864208, 865257, 
865257, 865281, 865281, 865641, 865804, 865804, 866871, 867583, 
868943, 869684, 869684, 871532, 871757, 872337, 873161, 873562, 
873562, 874437, 874477, 874477, 874477, 874630, 874630, 874707, 
874707, 874707, 875500, 875662, 876390, 876428, 877119, 878052, 
880040, 881693, 881693, 881693, 883603, 883603, 883603, 883603, 
883603, 883603, 883822, 884097, 885341, 885947, 885947, 885975, 
886807, 888437, 888506, 888750, 889495, 889495, 889495, 889495, 
890073, 891432, 894438, 894438, 897167, 897167, 897167, 897167, 
897167, 897167, 897557, 897557, 898079, 898079, 900413, 900413, 
900413, 900413, 900413, 900413, 901777, 901777, 901777, 901777, 
903592, 903592, 904815, 904815, 904815, 904815, 904815, 904815, 
904815, 904815, 904815, 904815, 904815, 904815, 907534, 908398, 
908398, 908398, 908398, 908398, 908398, 910444, 910444, 910693
),